4 1 2 4 2 4 6 2 6
5 1 2 4 2 4 6 6 6 1 6
4 1 2 4 2 4 6 2 6
4 2 3 5 3 5 7 3 7
10 1 2 6 2 6 9 3 9 3 6 2 6 2 10 0 10 0 7 1 7
10 1 3 4 3 4 4 9 4 9 9 2 9 2 6 5 6 5 5 1 5
10 1 2 6 2 6 9 3 9 3 6 2 6 2 10 0 10 0 7 1 7
10 1 4 4 4 4 6 5 6 5 2 7 2 7 5 6 5 6 10 1 10
10 1 2 6 2 6 9 3 9 3 6 2 6 2 10 0 10 0 7 1 7
10 18 41 18 46 11 46 11 43 14 43 14 42 10 42 10 40 13 40 13 41 
10 1 2 6 2 6 9 3 9 3 6 2 6 2 10 0 10 0 7 1 7
10 11 43 14 43 14 42 10 42 10 40 13 40 13 41 18 41 18 46 11 46 
10 1 3 4 3 4 4 9 4 9 9 2 9 2 6 5 6 5 5 1 5 
10 17 41 17 44 16 44 16 49 11 49 11 42 14 42 14 45 15 45 15 41 
10 1 3 4 3 4 4 9 4 9 9 2 9 2 6 5 6 5 5 1 5
10 16 49 11 49 11 42 14 42 14 45 15 45 15 41 17 41 17 44 16 44 
10 1 2 6 2 6 9 3 9 3 6 2 6 2 10 0 10 0 7 1 7
10 18 41 18 46 11 46 11 43 14 43 14 42 10 42 10 40 13 40 13 41 
10 1 2 6 2 6 9 3 9 3 6 2 6 2 10 0 10 0 7 1 7
10 11 43 14 43 14 42 10 42 10 40 13 40 13 41 18 41 18 46 11 46 
10 1 4 4 4 4 6 5 6 5 2 7 2 7 5 6 5 6 10 1 10
10 16 41 16 44 14 44 14 45 18 45 18 47 15 47 15 46 10 46 10 41 
10 1 4 4 4 4 6 5 6 5 2 7 2 7 5 6 5 6 10 1 10
10 14 45 18 45 18 47 15 47 15 46 10 46 10 41 16 41 16 44 14 44 
